761	823	
	0	3	4	4	3	1	1	0	1	1	2	0	0	0	0	0	0	0	0	0	0	0	0	0	0	0	0	0	0	0	0	0	0	0	0	0	0	0	0	0	0	0	0	0	0	0	0	0	0	0	0	0	0	0	0	0	0	0	0	0	0	1	0
717	788
	7	2	4	5	11	0	0	12	2	4	5	16	0	0	17	3	2	5	3	2	1	1	15	0	0	0	0	0	0	0	26	5	4	6	2	0	31	0	0	0	0	0	0	0	0	0	0	0	0	0	0	0	0	23	2	6	6	1	2	1	0	4	5	8	2	5	0	7	3	6	6	0
562	594
	4	5	11	0	0	12	5	16	0	0	17	3	2	0	0	0	0	0	0	4	6	2	0	31	0	0	6	6	1	2	1	0	4																																							
123	179																																																																							
	5	4	6	2	0	13	0	0	0	0	0	0	0	0	0	2	5	3	2	1	1	25	0	0	0	2	0	31	0	0	0	0	0	0	0	0	9	0	0	6	0	0	0	0	12	2	6	6	1	2	1	0	4	5	8	2	5															
356	411																																																																							
	5	11	0	0	12	2	4	5	16	0	0	17	3	0	0	4	6	2	0	8	0	0	6	5	3	2	1	1	11	0	0	0	2	0	3	13	0	0	0	0	0	0	0	0	0	0	0	0	0	0	0	0	32	2	6	6																
423	465																																																																							
	2	1	1	25	0	0	0	2	2	4	5	16	0	0	4	5	11	0	0	0	2	0	31	0	17	3	2	5	3	2	1	1	0	0	7	0	2	5	3	2	1	1	15																													
616	667																																																																							
	2	4	5	16	0	0	17	3	0	0	4	6	2	0	8	0	0	6	2	4	5	11	0	0	12	2	4	0	0	0	0	0	0	4	6	2	0	0	1	1	11	0	0	0	2	0	3	13	0	0	2	6																				
343	399																																																																							
	12	2	4	5	16	0	0	17	3	0	0	4	6	2	0	8	0	0	5	4	6	2	0	13	0	0	0	0	5	3	2	1	1	25	0	0	0	2	0	13	0	0	0	0	0	0	0	0	0	2	2	5	3	2	1	1	15															
255	297																																																																							
	13	0	0	0	0	0	6	2	0	8	0	2	0	13	0	0	0	5	3	2	1	1	11	0	0	0	2	6	2	4	5	11	0	0	12	2	4	5	16	0	0	7	3																													
480	530																																																																								
	3	2	5	3	2	1	1	15	0	0	0	0	4	6	2	0	8	0	2	1	1	11	0	0	0	6	2	0	13	0	0	0	17	3	2	5	3	2	6	1	2	1	15	4	6	2	0	0	1	1	11
72	91																			
	11	0	0	12	5	16	0	0	17	0	0	2	2	4	5	16	0	0	4	5
150	172																						
	4	5	16	0	0	17	3	0	0	4	6	2	0	8	0	0	6	2	4	5	11	7	13
270	301																															
	25	0	0	0	2	2	4	5	16	0	0	4	5	11	0	0	0	2	0	31	0	17	3	2	5	3	2	1	1	0	0	7
123	179																																																																							
	5	4	6	2	0	13	0	0	0	0	0	0	0	0	0	2	5	3	2	1	1	25	0	0	0	2	0	31	0	0	0	0	0	0	0	0	9	0	0	6	0	0	0	0	12	2	6	6	1	2	1	0	4	5	8	2	5															
761	823	
	0	3	4	4	3	1	1	0	1	1	2	0	0	0	0	0	0	0	0	0	0	0	0	0	0	0	0	0	0	0	0	0	0	0	0	0	0	0	0	0	0	0	0	0	0	0	0	0	0	0	0	0	0	0	0	0	0	0	0	0	0	1	0
717	788
	7	2	4	5	11	0	0	12	2	4	5	16	0	0	17	3	2	5	3	2	1	1	15	0	0	0	0	0	0	0	26	5	4	6	2	0	31	0	0	0	0	0	0	0	0	0	0	0	0	0	0	0	0	23	2	6	6	1	2	1	0	4	5	8	2	5	0	7	3	6	6	0
562	594
	4	5	11	0	0	12	5	16	0	0	17	3	2	0	0	0	0	0	0	4	6	2	0	31	0	0	6	6	1	2	1	0	4																																							
343	399																																																																							
	12	2	4	5	16	0	0	17	3	0	0	4	6	2	0	8	0	0	5	4	6	2	0	13	0	0	0	0	5	3	2	1	1	25	0	0	0	2	0	13	0	0	0	0	0	0	0	0	0	2	2	5	3	2	1	1	15															
255	297																																																																							
	13	0	0	0	0	0	6	2	0	8	0	2	0	13	0	0	0	5	3	2	1	1	11	0	0	0	2	6	2	4	5	11	0	0	12	2	4	5	16	0	0	7	3																													
480	530																																																																								
	3	2	5	3	2	1	1	15	0	0	0	0	4	6	2	0	8	0	2	1	1	11	0	0	0	6	2	0	13	0	0	0	17	3	2	5	3	2	6	1	2	1	15	4	6	2	0	0	1	1	11